 -62 -51 -54 -59 -64 -77 -81 1
 -61 -58 -54 -63 -47 -88 -81 4
 -58 -56 -48 -65 -49 -87 -81 4
 -52 -57 -53 -47 -57 -80 -83 3
 -61 -60 -68 -62 -77 -90 -80 1
 -50 -52 -55 -49 -64 -80 -86 3
 -48 -50 -54 -51 -59 -77 -75 3
 -51 -52 -49 -50 -63 -79 -79 3
 -60 -58 -55 -65 -50 -91 -86 4
 -59 -55 -55 -62 -47 -91 -84 4
 -38 -62 -57 -41 -77 -65 -68 2
 -59 -57 -56 -65 -49 -91 -86 4
 -62 -53 -55 -60 -68 -76 -79 1
 -60 -54 -50 -70 -48 -84 -84 4
 -11 -63 -65 -18 -70 -72 -73 2
 -59 -53 -57 -62 -55 -88 -85 4
 -64 -55 -52 -74 -53 -89 -80 4
 -50 -54 -51 -50 -66 -87 -85 3
 -45 -58 -54 -46 -69 -87 -77 2
 -45 -54 -54 -48 -63 -78 -82 3
 -59 -57 -48 -69 -52 -87 -87 4
 -46 -52 -53 -44 -60 -79 -86 3
 -61 -56 -65 -59 -68 -86 -88 1
 -34 -61 -52 -27 -61 -67 -69 2
 -43 -62 -66 -43 -73 -77 -76 2
 -55 -54 -43 -60 -51 -84 -88 4
 -59 -57 -56 -61 -52 -86 -85 4
 -67 -57 -64 -68 -75 -82 -82 1
 -60 -59 -51 -59 -53 -88 -88 4
 -59 -52 -49 -55 -56 -83 -81 4
 -61 -59 -58 -62 -65 -78 -78 1
 -44 -52 -56 -47 -63 -71 -75 2
 -52 -56 -50 -56 -69 -79 -78 3
 -62 -59 -62 -60 -68 -80 -89 1
 -46 -51 -55 -42 -62 -79 -78 3
 -64 -54 -56 -65 -74 -85 -87 1
 -38 -58 -59 -41 -65 -68 -74 2
 -59 -49 -53 -59 -62 -81 -83 1
 -67 -55 -68 -67 -74 -83 -83 1
 -61 -58 -58 -62 -66 -81 -81 1
 -64 -57 -63 -59 -69 -82 -86 1
 -60 -60 -46 -54 -49 -81 -83 4
 -49 -49 -53 -48 -63 -84 -88 3
 -18 -62 -59 -14 -73 -71 -78 2
 -36 -58 -54 -27 -67 -73 -78 2
 -59 -51 -56 -58 -51 -95 -84 4
 -40 -58 -52 -41 -66 -63 -75 2
 -51 -52 -58 -49 -60 -84 -74 3
 -61 -50 -50 -58 -48 -88 -87 4
 -66 -57 -56 -64 -49 -89 -87 4
 -52 -54 -53 -51 -61 -83 -81 3
 -40 -55 -53 -35 -64 -70 -82 2
 -63 -58 -65 -66 -73 -86 -89 1
 -59 -53 -49 -56 -47 -87 -82 4
 -60 -56 -59 -66 -68 -81 -83 1
 -60 -58 -56 -66 -51 -85 -89 4
 -47 -58 -56 -44 -64 -80 -85 3
 -10 -58 -54 -18 -70 -72 -73 2
 -16 -59 -60 -35 -69 -81 -78 2
 -45 -53 -55 -49 -63 -78 -81 3
 -63 -59 -58 -64 -74 -82 -90 1
 -59 -54 -57 -65 -62 -80 -82 1
 -70 -62 -68 -65 -81 -89 -83 1
 -36 -56 -57 -46 -68 -68 -70 2
 -62 -59 -50 -66 -54 -95 -84 4
 -59 -51 -57 -59 -53 -87 -92 4
 -49 -53 -50 -55 -64 -79 -86 3
 -59 -60 -61 -66 -66 -81 -85 1
 -46 -55 -58 -47 -64 -78 -78 3
 -50 -56 -51 -49 -67 -84 -81 3
 -38 -56 -48 -39 -63 -70 -73 2
 -63 -58 -50 -63 -48 -91 -85 4
 -36 -56 -56 -37 -59 -66 -75 2
 -40 -55 -52 -43 -60 -76 -72 2
 -60 -57 -52 -59 -47 -88 -85 4
 -57 -56 -60 -58 -70 -79 -84 1
 -37 -51 -54 -43 -60 -69 -70 2
 -51 -56 -51 -58 -58 -80 -86 3
 -57 -55 -48 -59 -51 -81 -86 4
 -47 -55 -57 -50 -64 -80 -85 3
 -19 -63 -66 -20 -79 -73 -72 2
 -60 -54 -59 -65 -66 -83 -84 1
 -15 -55 -57 -16 -71 -72 -74 2
 -47 -55 -57 -50 -64 -80 -85 3
 -47 -50 -53 -47 -63 -76 -79 3
 -62 -50 -57 -59 -72 -82 -84 1
 -63 -58 -62 -65 -68 -81 -74 1
 -58 -50 -43 -56 -55 -83 -87 4
 -57 -52 -46 -60 -43 -88 -85 4
 -60 -56 -57 -65 -49 -85 -89 4
 -49 -54 -55 -49 -63 -81 -87 3
 -61 -58 -56 -67 -50 -95 -88 4
 -50 -52 -52 -56 -67 -80 -89 3
 -55 -48 -49 -62 -55 -86 -91 4
 -55 -66 -57 -52 -70 -84 -84 3
 -43 -55 -53 -52 -60 -78 -86 3
 -61 -56 -48 -62 -54 -88 -86 4
 -45 -57 -55 -48 -67 -77 -84 2
 -64 -54 -56 -66 -52 -88 -85 4
 -43 -55 -53 -52 -60 -78 -86 3
 -59 -50 -45 -63 -49 -84 -86 4
 -67 -61 -63 -65 -71 -81 -87 1
 -60 -57 -55 -65 -51 -94 -86 4
 -50 -55 -51 -57 -58 -86 -86 3
 -37 -54 -54 -41 -64 -72 -78 2
 -60 -53 -52 -62 -50 -91 -88 4
 -35 -59 -57 -27 -61 -71 -76 2
 -37 -52 -57 -36 -71 -66 -75 2
 -42 -57 -51 -41 -69 -77 -75 2
 -38 -58 -59 -41 -65 -68 -74 2
 -62 -50 -61 -64 -73 -80 -81 1
 -41 -55 -58 -43 -60 -71 -72 2
 -48 -57 -53 -43 -64 -81 -85 3
 -39 -57 -55 -37 -67 -70 -73 2
 -61 -58 -60 -62 -70 -81 -85 1
 -61 -60 -52 -57 -51 -91 -86 4
 -53 -62 -57 -49 -61 -88 -87 3
 -52 -64 -54 -54 -68 -85 -79 3
 -35 -55 -52 -14 -71 -69 -82 2
 -42 -55 -57 -38 -71 -71 -76 2
 -50 -57 -59 -43 -62 -76 -78 3
 -43 -53 -53 -38 -63 -76 -73 2
 -60 -57 -55 -65 -51 -94 -86 4
 -62 -57 -48 -63 -47 -88 -84 4
 -63 -54 -61 -66 -73 -84 -88 1
 -61 -59 -63 -60 -69 -87 -88 1
 -68 -55 -73 -65 -76 -82 -82 1
 -65 -59 -66 -65 -68 -82 -85 1
 -51 -53 -56 -56 -64 -77 -88 3
 -56 -60 -47 -58 -46 -80 -82 4
 -51 -51 -52 -57 -56 -81 -77 3
 -61 -62 -64 -65 -73 -81 -90 1
 -59 -51 -56 -58 -50 -88 -86 4
 -41 -59 -53 -40 -62 -72 -76 2
 -62 -51 -58 -65 -72 -80 -88 1
 -51 -47 -50 -49 -59 -80 -85 3
 -65 -61 -65 -67 -69 -87 -84 1
 -64 -56 -60 -61 -67 -78 -85 1
 -63 -58 -62 -71 -74 -92 -94 1
 -51 -63 -55 -54 -69 -84 -79 3
 -46 -55 -48 -52 -62 -80 -79 3
 -59 -57 -56 -65 -49 -91 -86 4
 -52 -56 -52 -49 -63 -87 -85 3
 -56 -60 -47 -58 -46 -80 -82 4
 -58 -57 -55 -66 -51 -88 -87 4
 -46 -56 -60 -46 -65 -84 -85 3
 -37 -55 -55 -40 -73 -72 -74 2
 -45 -60 -59 -52 -57 -83 -85 3
 -60 -59 -55 -66 -66 -82 -86 1
 -53 -59 -51 -41 -59 -78 -77 3
 -60 -61 -58 -63 -49 -84 -85 4
 -64 -54 -65 -63 -71 -85 -89 1
 -58 -57 -50 -60 -47 -84 -86 4
 -35 -52 -55 -38 -62 -66 -85 2
 -60 -53 -59 -59 -53 -86 -86 4
 -49 -61 -56 -49 -64 -84 -89 3
 -62 -58 -61 -68 -70 -85 -86 1
 -51 -52 -52 -50 -69 -78 -86 3
 -53 -59 -51 -41 -59 -78 -77 3
 -37 -54 -47 -36 -63 -70 -70 2
 -64 -59 -65 -70 -84 -90 -89 1
 -38 -63 -61 -43 -64 -76 -76 2
 -52 -53 -51 -55 -65 -78 -88 3
 -64 -55 -55 -66 -49 -88 -88 4
 -44 -60 -52 -49 -63 -84 -84 3
 -54 -55 -50 -49 -60 -84 -81 3
 -64 -59 -62 -63 -69 -84 -81 1
 -64 -57 -47 -58 -46 -89 -86 4
 -51 -51 -45 -53 -59 -84 -76 3
 -51 -55 -51 -48 -63 -88 -84 3
 -57 -56 -58 -58 -66 -85 -80 1
 -38 -58 -60 -42 -66 -82 -79 2
 -36 -56 -62 -36 -80 -71 -69 2
 -61 -59 -58 -62 -65 -78 -78 1
 -38 -58 -60 -42 -66 -82 -79 2
 -10 -58 -54 -18 -70 -72 -73 2
 -59 -54 -51 -59 -58 -80 -87 4
 -64 -54 -58 -69 -65 -86 -86 1
 -15 -55 -62 -25 -71 -67 -68 2
 -49 -58 -55 -52 -60 -83 -84 3
 -50 -52 -51 -54 -67 -77 -88 3
 -62 -58 -50 -58 -47 -95 -87 4
 -64 -51 -44 -61 -50 -88 -85 4
 -60 -53 -52 -62 -50 -91 -88 4
 -51 -52 -48 -48 -62 -85 -78 3
 -62 -59 -52 -69 -46 -91 -98 4
 -51 -55 -50 -50 -59 -79 -85 3
 -37 -54 -54 -41 -64 -72 -78 2
 -51 -64 -59 -49 -71 -87 -77 3
 -56 -52 -50 -58 -57 -85 -88 3
 -65 -61 -63 -63 -69 -82 -84 1
 -49 -50 -55 -49 -54 -85 -76 3
 -49 -53 -50 -54 -62 -77 -82 3
 -52 -57 -58 -57 -68 -86 -83 3
 -61 -55 -54 -72 -45 -89 -92 4
 -39 -51 -64 -38 -71 -78 -78 2
 -65 -58 -56 -61 -49 -89 -88 4
 -45 -55 -54 -43 -71 -89 -77 2
 -46 -56 -60 -46 -65 -84 -85 3
 -62 -53 -62 -64 -68 -79 -82 1
 -37 -58 -60 -37 -75 -65 -67 2
 -58 -54 -44 -59 -47 -83 -86 4
 -52 -56 -50 -56 -69 -79 -78 3
 -59 -57 -56 -61 -52 -86 -85 4
 -49 -52 -48 -44 -59 -80 -78 3
 -64 -58 -51 -59 -40 -88 -87 4
 -34 -53 -56 -18 -70 -76 -75 2
 -64 -55 -55 -66 -49 -88 -88 4
 -38 -54 -52 -36 -63 -65 -70 2
 -36 -61 -57 -27 -71 -73 -70 2
 -62 -54 -56 -64 -75 -88 -85 1
 -61 -55 -56 -66 -73 -79 -80 1
 -48 -57 -60 -44 -71 -85 -77 2
 -64 -60 -53 -60 -48 -89 -89 4
 -52 -56 -50 -56 -66 -81 -80 3
 -51 -54 -53 -55 -66 -77 -85 3
 -61 -54 -48 -58 -47 -91 -88 4
 -62 -53 -48 -61 -50 -85 -86 4
 -41 -60 -65 -51 -72 -74 -78 2
 -64 -60 -45 -66 -52 -92 -92 4
 -49 -56 -60 -47 -72 -80 -79 2
 -43 -55 -50 -39 -61 -69 -73 2
 -46 -52 -46 -39 -74 -71 -78 2
 -61 -52 -58 -59 -70 -76 -79 1
 -52 -55 -51 -49 -62 -86 -84 3
 -60 -61 -49 -60 -50 -89 -88 4
 -60 -56 -58 -65 -70 -80 -87 1
 -35 -58 -55 -38 -61 -74 -79 2
 -55 -49 -51 -56 -50 -84 -88 4
 -49 -58 -49 -51 -59 -89 -79 3
 -61 -55 -54 -69 -53 -84 -89 4
 -63 -58 -50 -63 -48 -91 -85 4
 -40 -53 -56 -42 -69 -74 -78 2
 -53 -58 -50 -52 -66 -78 -79 3
 -48 -53 -51 -50 -66 -79 -86 3
 -39 -54 -61 -43 -75 -64 -74 2
 -45 -50 -52 -53 -61 -75 -79 3
 -40 -55 -52 -43 -60 -76 -72 2
 -59 -56 -58 -68 -62 -80 -81 1
 -45 -50 -50 -55 -57 -76 -75 3
 -19 -53 -60 -37 -69 -72 -69 2
 -57 -53 -59 -64 -71 -80 -79 1
 -55 -51 -51 -55 -59 -89 -78 3
 -59 -57 -50 -59 -50 -89 -80 4
 -39 -62 -58 -37 -69 -73 -72 2
 -58 -51 -49 -61 -48 -88 -85 4
 -59 -53 -58 -66 -65 -82 -78 1
 -57 -49 -44 -60 -50 -84 -86 4
 -64 -56 -69 -64 -73 -89 -85 1
 -59 -62 -54 -62 -46 -87 -91 4
 -41 -57 -51 -40 -66 -78 -71 2
 -47 -58 -56 -44 -64 -80 -85 3
 -59 -55 -63 -67 -66 -82 -86 1
 -65 -60 -60 -62 -75 -83 -79 1
 -57 -56 -48 -66 -49 -84 -91 4
 -59 -57 -56 -65 -49 -91 -86 4
 -40 -58 -52 -41 -66 -63 -75 2
 -37 -50 -56 -39 -67 -69 -70 2
 -37 -61 -54 -37 -66 -74 -75 2
 -46 -51 -50 -48 -64 -82 -78 3
 -66 -58 -47 -68 -47 -88 -91 4
 -54 -52 -53 -43 -68 -79 -79 3
 -60 -58 -57 -68 -50 -96 -87 4
 -40 -58 -60 -49 -72 -74 -80 2
 -47 -55 -54 -50 -72 -80 -88 3
 -49 -57 -52 -51 -60 -89 -83 3
 -64 -59 -51 -67 -43 -88 -92 4
 -59 -51 -56 -61 -50 -86 -86 4
 -41 -59 -53 -40 -69 -80 -78 2
 -48 -53 -56 -37 -59 -75 -83 2
 -48 -54 -49 -59 -63 -78 -80 3
 -56 -54 -43 -60 -50 -86 -85 4
 -63 -59 -60 -65 -69 -81 -84 1
 -35 -57 -54 -35 -64 -78 -76 2
 -37 -53 -54 -37 -67 -79 -72 2
 -48 -54 -50 -49 -61 -81 -84 3
 -45 -58 -59 -42 -66 -81 -75 2
 -15 -58 -56 -15 -74 -76 -71 2
 -67 -65 -67 -68 -75 -87 -84 1
 -59 -52 -50 -55 -55 -87 -85 4
 -56 -53 -42 -61 -55 -87 -82 4
 -62 -56 -63 -66 -74 -82 -80 1
 -59 -53 -45 -57 -45 -81 -82 4
 -60 -57 -58 -59 -70 -76 -80 1
 -40 -52 -53 -39 -61 -75 -73 2
 -64 -63 -56 -64 -47 -92 -83 4
 -61 -51 -49 -59 -56 -91 -89 4
 -44 -63 -67 -46 -63 -81 -78 2
 -48 -50 -55 -50 -66 -78 -75 3
 -62 -51 -61 -71 -67 -79 -80 1
 -59 -49 -45 -57 -52 -80 -82 4
 -49 -52 -52 -53 -65 -77 -85 3
 -64 -54 -65 -63 -71 -85 -89 1
 -46 -54 -50 -54 -59 -81 -77 3
 -40 -57 -57 -43 -68 -89 -72 2
 -46 -53 -50 -53 -64 -81 -86 3
 -34 -54 -56 -42 -68 -76 -75 2
 -58 -56 -51 -65 -53 -87 -87 4
 -64 -51 -57 -67 -68 -84 -82 1
 -58 -57 -46 -55 -50 -87 -85 4
 -63 -57 -53 -63 -48 -85 -92 4
 -48 -60 -57 -52 -61 -85 -84 3
 -66 -57 -55 -64 -52 -91 -87 4
 -61 -56 -49 -60 -52 -91 -85 4
 -46 -56 -54 -49 -63 -81 -82 3
 -67 -56 -65 -66 -75 -83 -81 1
 -62 -53 -58 -65 -67 -82 -84 1
 -52 -56 -52 -44 -63 -87 -84 3
 -60 -61 -58 -63 -49 -84 -85 4
 -59 -50 -45 -60 -48 -83 -85 4
 -50 -52 -52 -55 -67 -79 -91 3
 -51 -52 -48 -48 -62 -85 -78 3
 -48 -53 -51 -50 -66 -79 -86 3
 -67 -64 -47 -64 -50 -88 -91 4
 -64 -56 -64 -67 -77 -81 -85 1
 -59 -51 -64 -57 -69 -80 -80 1
 -40 -54 -57 -42 -64 -67 -71 2
 -62 -57 -56 -63 -66 -84 -82 1
 -60 -57 -58 -66 -65 -77 -80 1
 -55 -56 -48 -60 -55 -84 -84 4
 -56 -54 -47 -59 -52 -84 -91 4
 -37 -56 -58 -36 -80 -72 -70 2
 -62 -57 -60 -61 -69 -93 -90 1
 -55 -49 -51 -56 -50 -84 -88 4
 -63 -51 -57 -60 -66 -79 -82 1
 -51 -53 -49 -51 -65 -77 -89 3
 -37 -56 -55 -38 -71 -75 -78 2
 -63 -54 -61 -66 -73 -84 -88 1
 -68 -55 -66 -68 -75 -82 -83 1
 -60 -51 -51 -59 -54 -86 -89 4
 -59 -53 -55 -60 -51 -87 -87 4
 -59 -56 -58 -66 -51 -92 -88 4
 -17 -57 -55 -15 -62 -68 -70 2
 -66 -59 -45 -67 -52 -93 -92 4
 -62 -60 -55 -67 -43 -88 -92 4
 -64 -57 -63 -59 -69 -82 -86 1
 -43 -54 -59 -40 -68 -76 -74 2
 -62 -56 -64 -69 -75 -81 -84 1
 -59 -51 -54 -60 -50 -87 -86 4
 -63 -57 -57 -70 -50 -92 -87 4
 -67 -61 -63 -64 -71 -85 -84 1
 -40 -57 -47 -42 -69 -73 -70 2
 -59 -53 -45 -60 -51 -87 -86 4
 -50 -53 -53 -54 -67 -78 -86 3
 -60 -54 -45 -59 -45 -88 -83 4
 -50 -54 -49 -46 -64 -85 -77 3
 -63 -59 -61 -62 -78 -90 -82 1
 -60 -51 -51 -59 -54 -86 -89 4
 -61 -58 -53 -57 -45 -86 -90 4
 -42 -55 -49 -45 -64 -70 -65 2
 -36 -55 -53 -35 -64 -72 -66 2
 -62 -56 -57 -64 -65 -85 -83 1
 -17 -63 -65 -27 -86 -72 -74 2
 -63 -58 -64 -66 -70 -81 -91 1
 -61 -59 -62 -61 -66 -80 -88 1
 -36 -61 -57 -27 -71 -73 -70 2
 -59 -51 -57 -60 -49 -87 -88 4
 -49 -52 -52 -51 -63 -78 -74 3
 -64 -56 -69 -64 -73 -89 -85 1
 -36 -55 -53 -46 -63 -68 -71 2
 -58 -56 -46 -56 -62 -84 -87 4
 -62 -56 -63 -66 -74 -82 -80 1
 -60 -59 -58 -63 -72 -82 -79 1
 -63 -57 -67 -66 -79 -86 -89 1
 -14 -55 -58 -36 -67 -72 -74 2
 -58 -57 -50 -58 -50 -82 -84 4
 -40 -56 -56 -38 -66 -77 -74 2
 -63 -57 -60 -69 -49 -93 -93 4
 -36 -60 -57 -37 -68 -66 -77 2
 -47 -54 -55 -47 -66 -78 -86 3
 -50 -52 -52 -47 -65 -77 -89 3
 -48 -57 -51 -51 -60 -79 -80 3
 -35 -53 -62 -35 -68 -70 -69 2
 -40 -55 -66 -39 -75 -73 -78 2
 -63 -59 -53 -70 -46 -86 -88 4
 -63 -57 -65 -69 -77 -81 -85 1
 -50 -57 -53 -49 -67 -83 -82 3
 -37 -46 -51 -39 -63 -69 -69 2
 -61 -54 -57 -67 -67 -82 -84 1
 -63 -57 -52 -64 -52 -88 -93 4
 -63 -55 -62 -66 -76 -89 -85 1
 -38 -55 -56 -36 -64 -70 -66 2
 -62 -59 -61 -59 -69 -82 -83 1
 -63 -58 -64 -67 -74 -87 -87 1
 -48 -57 -60 -44 -71 -85 -77 2
 -47 -55 -55 -49 -67 -85 -80 3
 -62 -56 -57 -63 -69 -87 -91 1
 -62 -59 -62 -63 -74 -86 -81 1
 -53 -58 -50 -52 -66 -78 -79 3
 -38 -51 -53 -37 -67 -67 -68 2
 -72 -63 -64 -70 -81 -85 -87 1
 -64 -48 -54 -58 -52 -80 -88 4
 -39 -56 -53 -46 -57 -73 -77 2
 -62 -52 -57 -60 -70 -81 -74 1
 -37 -58 -56 -38 -63 -75 -74 2
 -19 -53 -60 -37 -69 -72 -69 2
 -60 -57 -56 -65 -50 -96 -87 4
 -34 -53 -52 -19 -65 -75 -69 2
 -40 -54 -52 -38 -60 -69 -75 2
 -56 -58 -60 -59 -66 -80 -77 1
 -65 -52 -48 -63 -48 -91 -88 4
 -13 -60 -63 -18 -70 -73 -73 2
 -62 -51 -61 -71 -67 -79 -80 1
 -41 -58 -56 -40 -73 -69 -73 2
 -55 -52 -45 -62 -46 -87 -85 4
 -60 -53 -59 -64 -65 -76 -81 1
 -59 -51 -56 -61 -50 -86 -86 4
 -63 -58 -50 -63 -48 -91 -85 4
 -62 -55 -61 -60 -63 -84 -80 1
 -59 -53 -56 -59 -51 -87 -89 4
 -18 -50 -57 -36 -62 -66 -71 2
 -64 -54 -56 -66 -52 -88 -85 4
 -57 -55 -50 -63 -50 -89 -79 4
 -63 -56 -52 -65 -47 -82 -92 4
 -51 -62 -53 -51 -64 -86 -79 3
 -61 -52 -54 -63 -64 -84 -82 1
 -52 -61 -48 -60 -51 -80 -80 4
 -61 -58 -56 -67 -50 -95 -88 4
 -41 -58 -60 -47 -70 -82 -74 2
 -49 -60 -55 -49 -63 -85 -89 3
 -39 -56 -53 -40 -69 -75 -72 2
 -65 -54 -46 -65 -51 -91 -89 4
 -55 -50 -46 -57 -48 -76 -87 4
 -67 -61 -63 -64 -71 -85 -84 1
 -50 -49 -51 -50 -61 -83 -85 3
 -49 -57 -52 -51 -60 -89 -83 3
 -62 -54 -58 -64 -65 -77 -85 1
 -61 -56 -49 -60 -52 -91 -85 4
 -56 -56 -62 -64 -70 -79 -86 1
 -62 -57 -44 -61 -44 -89 -87 4
 -50 -56 -54 -50 -71 -79 -77 3
 -40 -53 -49 -41 -71 -66 -65 2
 -66 -55 -64 -71 -75 -94 -83 1
 -37 -50 -50 -36 -58 -69 -75 2
 -57 -55 -48 -59 -51 -81 -86 4
 -48 -54 -50 -49 -61 -81 -84 3
 -43 -54 -55 -41 -68 -71 -74 2
 -17 -56 -57 -35 -71 -69 -74 2
 -52 -54 -53 -49 -63 -86 -81 3
 -64 -59 -65 -70 -84 -90 -89 1
 -50 -57 -53 -49 -67 -83 -82 3
 -53 -62 -52 -53 -65 -79 -91 3
 -38 -50 -49 -42 -69 -73 -77 2
 -14 -55 -57 -34 -67 -71 -72 2
 -63 -59 -65 -62 -65 -83 -80 1
 -48 -57 -52 -51 -62 -86 -81 3
 -41 -58 -60 -47 -70 -82 -74 2
 -51 -58 -56 -48 -61 -79 -82 3
 -61 -60 -60 -65 -67 -82 -78 1
 -59 -54 -49 -58 -52 -83 -93 4
 -16 -58 -58 -13 -68 -76 -90 2
 -50 -53 -53 -54 -67 -78 -86 3
 -36 -59 -57 -19 -70 -69 -75 2
 -40 -56 -53 -50 -71 -79 -78 2
 -48 -60 -57 -52 -61 -85 -84 3
 -47 -58 -51 -43 -65 -80 -80 3
 -42 -53 -49 -44 -74 -70 -65 2
 -60 -54 -53 -64 -47 -85 -86 4
 -63 -53 -59 -62 -45 -88 -86 4
 -59 -55 -46 -66 -50 -86 -91 4
 -56 -56 -40 -62 -50 -86 -86 4
 -34 -61 -52 -27 -61 -67 -69 2
 -61 -56 -64 -61 -72 -83 -86 1
 -19 -59 -55 -37 -73 -72 -66 2
 -66 -57 -64 -61 -69 -82 -88 1
 -45 -63 -60 -53 -67 -83 -85 3
 -58 -50 -59 -58 -68 -80 -81 1
 -50 -55 -59 -41 -82 -75 -78 2
 -50 -54 -49 -46 -64 -85 -77 3
 -38 -52 -59 -48 -67 -64 -75 2
 -49 -52 -48 -44 -59 -80 -78 3
 -40 -58 -52 -41 -66 -63 -75 2
 -36 -56 -56 -37 -59 -66 -75 2
 -38 -62 -57 -41 -77 -65 -68 2
 -49 -56 -49 -52 -64 -83 -80 3
 -50 -53 -52 -50 -64 -78 -88 3
 -61 -58 -64 -61 -64 -78 -82 1
 -44 -53 -52 -36 -70 -72 -76 2
 -60 -57 -63 -62 -72 -85 -86 1
 -60 -58 -56 -64 -52 -93 -86 4
 -58 -54 -53 -60 -47 -82 -83 4
 -62 -53 -58 -65 -67 -82 -84 1
 -45 -52 -54 -53 -56 -83 -79 3
 -48 -54 -49 -59 -63 -78 -80 3
 -52 -60 -52 -54 -66 -85 -79 3
 -38 -52 -50 -41 -69 -68 -72 2
 -13 -55 -55 -21 -70 -73 -77 2
 -45 -58 -63 -45 -80 -76 -65 2
 -58 -53 -42 -61 -51 -87 -82 4
 -48 -55 -51 -55 -69 -88 -80 3
 -59 -51 -46 -58 -46 -90 -90 4
 -43 -55 -55 -39 -69 -67 -71 2
 -59 -52 -44 -57 -49 -85 -87 4
 -53 -53 -50 -55 -59 -86 -81 3
 -55 -50 -49 -60 -45 -86 -87 4
 -41 -58 -54 -42 -71 -65 -71 2
 -59 -55 -49 -60 -42 -92 -93 4
 -49 -52 -48 -48 -59 -79 -78 3
 -51 -55 -59 -51 -58 -87 -81 3
 -52 -50 -53 -54 -68 -76 -85 3
 -60 -52 -46 -56 -48 -84 -86 4
 -40 -58 -52 -41 -66 -63 -75 2
 -67 -57 -64 -68 -75 -82 -82 1
 -37 -52 -57 -36 -71 -66 -75 2
 -61 -56 -44 -61 -49 -91 -86 4
 -55 -60 -51 -53 -63 -85 -87 3
 -61 -53 -53 -61 -63 -77 -81 1
 -50 -54 -49 -46 -64 -85 -77 3
 -45 -58 -63 -45 -80 -76 -65 2
 -61 -59 -63 -60 -69 -87 -88 1
 -60 -56 -43 -61 -50 -89 -87 4
 -64 -57 -63 -71 -77 -87 -83 1
 -52 -57 -53 -47 -57 -80 -83 3
 -44 -54 -54 -45 -73 -71 -79 2
 -67 -61 -63 -65 -71 -81 -87 1
 -40 -54 -52 -39 -65 -70 -74 2
 -62 -61 -51 -68 -48 -88 -88 4
 -56 -55 -56 -59 -64 -83 -83 1
 -14 -56 -57 -35 -68 -77 -72 2
 -53 -62 -57 -49 -61 -88 -87 3
 -19 -60 -54 -35 -69 -69 -78 2
 -60 -52 -46 -56 -48 -84 -86 4
 -52 -52 -50 -49 -66 -77 -88 3
 -58 -55 -50 -54 -48 -80 -86 4
 -37 -57 -51 -39 -71 -71 -72 2
 -41 -59 -53 -40 -69 -80 -78 2
 -62 -58 -59 -66 -68 -87 -88 1
 -48 -58 -56 -38 -65 -67 -76 2
 -36 -51 -67 -40 -63 -74 -68 2
 -53 -58 -50 -48 -64 -88 -80 3
 -40 -55 -56 -36 -64 -65 -66 2
 -43 -55 -63 -37 -64 -67 -76 2
 -63 -58 -46 -66 -49 -93 -93 4
 -64 -55 -60 -74 -66 -87 -87 1
 -60 -53 -60 -67 -64 -81 -79 1
 -52 -58 -50 -53 -64 -87 -81 3
 -58 -51 -51 -56 -54 -85 -83 4
 -37 -61 -54 -37 -66 -74 -75 2
 -39 -59 -57 -42 -75 -78 -74 2
 -37 -50 -53 -42 -65 -72 -71 2
 -48 -57 -60 -44 -71 -85 -77 2
 -37 -54 -47 -36 -63 -70 -70 2
 -59 -57 -53 -61 -63 -79 -87 1
 -41 -58 -66 -41 -73 -71 -79 2
 -61 -55 -62 -62 -65 -82 -81 1
 -39 -62 -58 -37 -69 -73 -72 2
 -47 -64 -53 -54 -60 -83 -84 3
 -49 -50 -55 -49 -54 -85 -76 3
 -50 -54 -53 -46 -66 -78 -87 3
 -17 -66 -61 -37 -68 -75 -77 2
 -66 -57 -62 -61 -74 -81 -89 1
 -10 -58 -62 -20 -73 -76 -74 2
 -48 -55 -53 -51 -63 -82 -86 3
 -59 -59 -48 -66 -50 -86 -94 4
 -36 -60 -57 -37 -80 -72 -72 2
 -37 -50 -50 -36 -58 -69 -75 2
 -65 -58 -65 -65 -74 -89 -85 1
 -52 -56 -51 -48 -64 -87 -84 3
 -59 -52 -50 -55 -49 -87 -86 4
 -52 -57 -52 -52 -70 -87 -77 3
 -58 -55 -58 -61 -64 -81 -84 1
 -60 -52 -49 -61 -51 -85 -81 4
 -43 -55 -63 -37 -64 -67 -76 2
 -55 -51 -51 -55 -59 -89 -78 3
 -62 -56 -61 -65 -74 -78 -76 1
 -27 -55 -57 -37 -67 -71 -71 2
 -57 -61 -54 -64 -48 -87 -91 4
 -50 -52 -52 -55 -67 -79 -91 3
 -64 -57 -63 -59 -69 -82 -86 1
 -69 -58 -56 -61 -73 -81 -93 1
 -57 -54 -54 -59 -51 -88 -87 4
 -49 -56 -45 -42 -66 -83 -80 3
 -37 -60 -53 -39 -65 -70 -68 2
 -61 -52 -54 -63 -64 -84 -82 1
 -62 -59 -61 -59 -69 -82 -83 1
 -14 -59 -64 -16 -79 -76 -72 2
 -54 -61 -51 -44 -63 -79 -76 3
 -64 -57 -47 -58 -46 -89 -86 4
 -19 -60 -54 -35 -69 -69 -78 2
 -60 -57 -58 -66 -65 -77 -80 1
 -54 -57 -53 -54 -62 -77 -75 3
 -61 -58 -53 -57 -45 -86 -90 4
 -66 -52 -48 -71 -55 -88 -87 4
 -69 -61 -62 -62 -75 -85 -84 1
 -53 -53 -51 -50 -66 -82 -82 3
 -40 -56 -58 -42 -67 -62 -71 2
 -57 -55 -45 -59 -50 -85 -85 4
 -45 -58 -55 -38 -68 -76 -75 2
 -61 -56 -65 -59 -68 -86 -88 1
 -47 -52 -49 -43 -57 -80 -79 3
 -38 -56 -53 -47 -61 -72 -83 2
 -70 -64 -66 -73 -78 -87 -94 1
 -37 -57 -51 -39 -70 -76 -72 2
 -58 -50 -61 -68 -64 -85 -91 1
 -40 -58 -47 -41 -65 -73 -70 2
 -63 -55 -62 -66 -76 -89 -85 1
 -52 -60 -51 -54 -61 -86 -87 3
 -55 -53 -51 -62 -56 -85 -87 4
 -51 -58 -59 -52 -64 -78 -84 3
 -39 -56 -53 -46 -57 -73 -77 2
 -59 -51 -57 -60 -49 -87 -88 4
 -49 -45 -50 -48 -61 -79 -84 3
 -63 -56 -50 -56 -49 -89 -92 4
 -64 -58 -50 -65 -50 -91 -85 4
 -61 -60 -60 -65 -67 -82 -78 1
 -64 -55 -52 -74 -53 -89 -80 4
 -62 -58 -52 -61 -41 -90 -85 4
 -50 -53 -52 -55 -68 -78 -86 3
 -66 -57 -62 -61 -74 -81 -89 1
 -62 -58 -50 -58 -47 -95 -87 4
 -38 -58 -59 -37 -66 -74 -67 2
 -52 -52 -49 -49 -58 -77 -84 3
 -68 -58 -65 -67 -83 -89 -86 1
 -45 -52 -52 -51 -64 -84 -84 3
 -66 -57 -61 -61 -73 -81 -90 1
 -64 -56 -58 -71 -69 -88 -84 1
 -39 -55 -54 -48 -76 -73 -80 2
 -67 -59 -62 -65 -71 -91 -84 1
 -57 -56 -54 -69 -75 -83 -81 1
 -63 -54 -52 -59 -44 -86 -92 4
 -45 -58 -54 -46 -69 -87 -77 2
 -53 -57 -62 -55 -60 -86 -83 3
 -62 -63 -57 -69 -71 -82 -82 1
 -51 -52 -49 -50 -63 -79 -79 3
 -65 -61 -63 -63 -69 -82 -84 1
 -42 -54 -55 -49 -67 -80 -74 2
 -58 -57 -49 -64 -49 -89 -81 4
 -56 -55 -54 -61 -46 -79 -79 4
 -43 -60 -68 -46 -72 -83 -79 2
 -37 -49 -57 -42 -62 -64 -71 2
 -59 -56 -61 -66 -71 -83 -82 1
 -67 -59 -62 -65 -71 -91 -84 1
 -61 -57 -54 -67 -52 -89 -86 4
 -52 -57 -49 -50 -66 -80 -80 3
 -67 -56 -65 -68 -82 -96 -89 1
 -59 -55 -49 -60 -42 -92 -93 4
 -64 -61 -62 -65 -70 -85 -87 1
 -61 -57 -54 -65 -52 -89 -88 4
 -65 -56 -65 -63 -68 -82 -93 1
 -59 -57 -59 -64 -73 -79 -84 1
 -48 -57 -49 -53 -62 -79 -87 3
 -17 -63 -60 -14 -72 -72 -77 2
 -63 -61 -61 -63 -68 -82 -83 1
 -37 -56 -55 -38 -71 -75 -78 2
 -60 -58 -55 -65 -50 -91 -86 4
 -57 -56 -48 -60 -49 -84 -88 4
 -55 -58 -55 -54 -70 -81 -87 3
 -57 -58 -56 -55 -71 -84 -87 3
 -43 -60 -68 -46 -72 -83 -79 2
 -46 -54 -53 -48 -64 -78 -79 3
 -41 -58 -60 -47 -70 -82 -74 2
 -49 -54 -53 -55 -67 -77 -86 3
 -40 -56 -58 -42 -67 -62 -71 2
 -61 -57 -51 -56 -49 -88 -85 4
 -65 -60 -62 -68 -69 -84 -89 1
 -50 -57 -58 -44 -82 -75 -78 2
 -39 -57 -54 -38 -56 -70 -72 2
 -66 -60 -65 -62 -70 -85 -83 1
 -63 -54 -55 -64 -72 -84 -81 1
 -50 -54 -51 -50 -66 -87 -85 3
 -44 -53 -55 -48 -66 -79 -86 3
 -48 -51 -53 -48 -64 -81 -79 3
 -36 -59 -57 -35 -61 -65 -80 2
 -65 -57 -45 -66 -47 -92 -92 4
 -37 -54 -55 -38 -72 -76 -79 2
 -48 -58 -54 -46 -66 -85 -88 3
 -64 -56 -64 -70 -80 -91 -84 1
 -62 -59 -50 -66 -54 -95 -84 4
 -46 -54 -50 -54 -59 -81 -77 3
 -46 -55 -48 -52 -62 -80 -79 3
 -50 -53 -52 -55 -68 -78 -86 3
 -37 -60 -53 -37 -64 -68 -67 2
 -41 -56 -60 -39 -72 -74 -66 2
 -64 -60 -53 -60 -48 -89 -89 4
 -46 -55 -53 -52 -57 -81 -86 3
 -57 -59 -44 -60 -56 -87 -85 4
 -51 -57 -54 -55 -62 -87 -81 3
 -41 -56 -56 -38 -72 -67 -70 2
 -48 -55 -55 -52 -65 -80 -82 3
 -51 -60 -57 -54 -64 -84 -83 3
 -64 -55 -52 -74 -53 -89 -80 4
 -64 -57 -60 -70 -69 -86 -83 1
 -58 -56 -48 -65 -49 -87 -81 4
 -35 -59 -57 -27 -61 -71 -76 2
 -38 -56 -53 -47 -61 -72 -83 2
 -63 -56 -50 -56 -49 -89 -92 4
 -38 -55 -54 -42 -63 -78 -71 2
 -46 -52 -46 -39 -74 -71 -78 2
 -62 -55 -54 -62 -69 -79 -81 1
 -59 -53 -49 -56 -47 -87 -82 4
 -49 -55 -53 -48 -61 -79 -78 3
 -67 -57 -60 -60 -75 -83 -87 1
 -51 -60 -52 -52 -67 -79 -91 3
 -17 -63 -65 -27 -86 -72 -74 2
 -65 -59 -66 -65 -68 -82 -85 1
 -60 -53 -60 -61 -69 -81 -83 1
 -64 -58 -49 -64 -49 -92 -91 4
 -58 -56 -56 -61 -52 -85 -85 4
 -49 -52 -57 -54 -59 -85 -88 3
 -64 -57 -63 -71 -77 -87 -83 1
 -42 -53 -49 -44 -74 -70 -65 2
 -46 -57 -52 -43 -69 -86 -85 3
 -51 -52 -53 -55 -64 -78 -91 3
 -71 -62 -63 -69 -75 -85 -87 1
 -52 -64 -54 -56 -70 -84 -78 3
 -50 -54 -51 -50 -66 -87 -85 3
 -59 -53 -51 -54 -45 -79 -87 4
 -49 -54 -50 -51 -66 -78 -82 3
 -43 -57 -51 -52 -62 -79 -77 3
 -62 -59 -52 -69 -46 -91 -98 4
 -61 -57 -58 -62 -67 -78 -76 1
 -47 -60 -56 -48 -85 -85 -81 2
 -42 -54 -49 -41 -68 -71 -77 2
 -50 -56 -48 -48 -63 -80 -91 3
 -48 -53 -50 -55 -66 -83 -82 3
 -35 -55 -52 -14 -71 -69 -82 2
 -53 -57 -62 -55 -60 -86 -83 3
 -59 -60 -60 -62 -67 -94 -77 1
 -38 -52 -62 -37 -69 -73 -71 2
 -61 -54 -54 -67 -60 -81 -83 1
 -64 -57 -60 -60 -65 -80 -91 1
 -61 -57 -53 -65 -50 -87 -91 4
 -61 -56 -62 -67 -66 -81 -88 1
 -60 -56 -44 -59 -46 -81 -86 4
 -51 -52 -51 -55 -66 -78 -89 3
 -63 -52 -56 -59 -66 -80 -80 1
 -37 -56 -58 -39 -66 -70 -72 2
 -64 -66 -54 -67 -70 -83 -82 1
 -52 -60 -52 -48 -70 -79 -79 3
 -61 -62 -64 -65 -73 -81 -90 1
 -63 -54 -55 -67 -71 -82 -87 1
 -61 -58 -60 -61 -74 -78 -83 1
 -40 -54 -53 -36 -61 -77 -74 2
 -38 -54 -56 -45 -56 -72 -68 2
 -62 -57 -44 -61 -44 -89 -87 4
 -61 -54 -60 -60 -64 -79 -81 1
 -64 -59 -51 -62 -51 -88 -91 4
 -59 -52 -57 -59 -50 -88 -88 4
 -40 -59 -57 -39 -67 -81 -74 2
 -58 -48 -59 -59 -64 -84 -77 1
 -59 -56 -55 -59 -54 -87 -88 4
 -61 -55 -58 -67 -69 -84 -86 1
 -67 -56 -67 -70 -74 -81 -82 1
 -35 -58 -55 -38 -61 -74 -79 2
 -35 -51 -53 -37 -63 -72 -76 2
 -58 -55 -55 -54 -49 -78 -79 4
 -58 -57 -45 -58 -42 -88 -88 4
 -34 -60 -52 -37 -71 -66 -75 2
 -61 -55 -55 -66 -61 -83 -92 4
 -58 -55 -59 -58 -72 -77 -81 1
 -50 -56 -53 -52 -68 -84 -77 3
 -38 -63 -61 -43 -64 -76 -76 2
 -52 -56 -56 -41 -63 -77 -80 3
 -49 -52 -53 -49 -64 -77 -83 3
 -37 -54 -47 -36 -63 -70 -70 2
 -63 -58 -47 -66 -48 -93 -92 4
 -53 -55 -54 -51 -69 -79 -81 3
 -45 -58 -59 -42 -66 -81 -75 2
 -53 -54 -59 -54 -62 -81 -82 3
 -39 -59 -57 -42 -75 -78 -74 2
 -50 -54 -54 -54 -66 -77 -86 3
 -42 -53 -49 -44 -74 -70 -65 2
 -18 -63 -62 -38 -72 -71 -73 2
 -58 -59 -59 -65 -65 -82 -94 1
 -65 -59 -65 -67 -89 -85 -83 1
 -49 -54 -50 -52 -60 -85 -88 3
 -67 -57 -60 -60 -75 -83 -87 1
 -35 -54 -59 -46 -62 -66 -70 2
 -54 -52 -53 -43 -68 -79 -79 3
 -38 -54 -53 -36 -66 -73 -75 2
 -59 -54 -48 -62 -47 -85 -89 4
 -61 -56 -62 -67 -66 -81 -88 1
 -64 -57 -54 -69 -43 -88 -92 4
 -65 -54 -53 -61 -43 -84 -83 4
 -53 -54 -53 -60 -60 -86 -91 3
 -61 -56 -52 -58 -52 -82 -85 4
 -61 -55 -54 -69 -53 -84 -89 4
 -62 -51 -61 -71 -67 -79 -80 1
 -46 -53 -54 -52 -64 -79 -84 3
 -41 -60 -54 -43 -73 -80 -74 2
 -40 -63 -67 -40 -75 -70 -70 2
 -65 -58 -64 -69 -81 -88 -90 1
 -68 -56 -65 -67 -76 -87 -85 1
 -46 -56 -54 -51 -62 -80 -79 3
 -61 -54 -57 -67 -67 -82 -84 1
 -60 -53 -60 -67 -64 -81 -79 1
 -58 -55 -59 -58 -72 -77 -81 1
 -62 -56 -56 -61 -68 -81 -86 1
 -38 -54 -56 -45 -56 -72 -68 2
 -62 -54 -62 -68 -80 -80 -78 1
 -52 -55 -51 -49 -62 -86 -84 3
 -38 -58 -59 -41 -65 -68 -74 2
 -65 -52 -48 -63 -48 -91 -88 4
 -43 -53 -53 -38 -63 -76 -73 2
 -63 -58 -64 -67 -74 -87 -87 1
 -53 -54 -56 -52 -63 -81 -85 3
 -65 -54 -56 -64 -66 -79 -81 1
 -49 -45 -50 -48 -61 -79 -84 3
 -62 -58 -57 -65 -68 -83 -79 1
 -49 -58 -55 -52 -60 -83 -84 3
 -66 -53 -59 -62 -69 -81 -79 1
 -63 -54 -55 -64 -72 -84 -81 1
 -59 -52 -57 -60 -54 -91 -89 4
 -62 -51 -61 -71 -67 -79 -80 1
 -44 -56 -54 -52 -63 -80 -79 3
 -60 -55 -47 -59 -54 -91 -80 4
 -56 -55 -59 -68 -74 -84 -79 1
 -61 -56 -55 -63 -47 -85 -89 4
 -52 -48 -56 -53 -62 -78 -81 3
 -59 -55 -61 -65 -68 -84 -84 1
 -62 -55 -63 -61 -68 -81 -83 1
 -56 -55 -44 -60 -49 -84 -80 4
 -43 -47 -50 -45 -65 -66 -69 2
 -17 -53 -57 -17 -70 -77 -73 2
 -57 -56 -49 -58 -50 -87 -85 4
 -50 -56 -48 -48 -63 -80 -91 3
 -49 -56 -45 -42 -66 -83 -80 3
 -51 -51 -45 -53 -59 -84 -76 3
 -65 -56 -63 -66 -80 -83 -88 1
 -63 -57 -66 -66 -68 -83 -81 1
 -37 -56 -53 -43 -63 -72 -77 2
 -52 -55 -51 -49 -64 -87 -84 3
 -48 -54 -50 -49 -61 -81 -84 3
 -48 -61 -57 -51 -67 -83 -76 3
 -49 -52 -52 -51 -63 -78 -74 3
 -62 -52 -61 -66 -65 -85 -89 1
 -48 -58 -57 -45 -73 -86 -92 2
 -60 -58 -57 -68 -50 -96 -87 4
 -54 -56 -50 -50 -64 -87 -80 3
 -65 -59 -65 -67 -89 -85 -83 1
 -36 -53 -50 -37 -70 -72 -72 2
 -57 -59 -44 -60 -56 -87 -85 4
 -56 -54 -43 -60 -50 -86 -85 4
 -41 -52 -57 -41 -63 -73 -68 2
 -38 -62 -57 -41 -77 -65 -68 2
 -66 -57 -60 -68 -74 -82 -88 1
 -63 -59 -64 -66 -72 -84 -90 1
 -67 -53 -46 -64 -48 -88 -87 4
 -47 -58 -51 -43 -65 -80 -80 3
 -39 -54 -61 -43 -75 -64 -74 2
 -49 -55 -53 -48 -61 -79 -78 3
 -62 -51 -54 -60 -74 -74 -82 1
 -62 -51 -46 -61 -49 -87 -85 4
 -63 -63 -57 -68 -71 -79 -82 1
 -53 -53 -52 -55 -60 -82 -84 3
 -35 -57 -54 -35 -64 -78 -76 2
 -64 -58 -45 -66 -48 -89 -93 4
 -46 -58 -54 -48 -63 -78 -75 3
 -49 -54 -50 -55 -63 -85 -81 3
 -41 -60 -54 -43 -73 -80 -74 2
 -64 -59 -51 -62 -51 -88 -91 4
 -47 -57 -57 -52 -62 -86 -84 3
 -60 -49 -48 -62 -48 -85 -93 4
 -61 -58 -52 -61 -45 -92 -81 4
 -64 -54 -55 -59 -52 -88 -98 4
 -17 -59 -63 -15 -70 -76 -85 2
 -64 -58 -51 -59 -40 -88 -87 4
 -40 -55 -57 -50 -66 -75 -73 2
 -40 -54 -53 -36 -61 -77 -74 2
 -72 -63 -64 -70 -81 -85 -87 1
 -45 -57 -59 -43 -71 -74 -79 2
 -61 -56 -53 -62 -63 -84 -91 1
 -36 -53 -50 -37 -70 -72 -72 2
 -62 -58 -62 -65 -75 -90 -81 1
 -48 -47 -50 -53 -61 -82 -79 3
 -38 -55 -56 -42 -66 -72 -75 2
 -61 -56 -55 -63 -47 -85 -89 4
 -59 -57 -59 -64 -73 -79 -84 1
 -60 -56 -56 -64 -67 -84 -85 1
 -61 -53 -54 -58 -71 -82 -86 1
 -40 -56 -53 -44 -69 -77 -79 2
 -69 -58 -56 -61 -73 -81 -93 1
 -46 -47 -47 -50 -65 -79 -84 3
 -39 -56 -54 -48 -61 -78 -67 2
 -48 -58 -54 -46 -66 -85 -88 3
 -40 -57 -57 -43 -68 -89 -72 2
 -41 -58 -54 -42 -71 -65 -71 2
 -40 -50 -52 -48 -68 -73 -71 2
 -58 -56 -51 -59 -65 -81 -84 1
 -58 -54 -61 -66 -75 -87 -86 1
 -50 -59 -53 -54 -65 -77 -78 3
 -36 -55 -55 -36 -60 -73 -72 2
 -59 -59 -52 -59 -53 -87 -87 4
 -57 -52 -56 -62 -52 -92 -85 4
 -44 -53 -51 -49 -60 -84 -76 3
 -35 -56 -55 -36 -69 -67 -78 2
 -41 -55 -53 -37 -64 -79 -76 2
 -41 -55 -54 -40 -62 -71 -72 2
 -51 -52 -50 -56 -67 -79 -91 3
 -51 -62 -53 -51 -64 -86 -79 3
 -35 -55 -56 -37 -66 -65 -69 2
 -66 -59 -70 -69 -76 -87 -89 1
 -66 -53 -59 -62 -69 -81 -79 1
 -45 -55 -54 -43 -71 -89 -77 2
 -67 -57 -55 -65 -49 -88 -87 4
 -41 -59 -53 -40 -62 -72 -76 2
 -56 -55 -45 -59 -52 -84 -86 4
 -52 -51 -47 -49 -64 -80 -78 3
 -62 -58 -52 -61 -41 -90 -85 4
 -59 -50 -57 -60 -49 -91 -86 4
 -68 -58 -65 -65 -76 -87 -82 1
 -62 -59 -61 -59 -69 -82 -83 1
 -46 -59 -54 -52 -67 -77 -83 2
 -61 -56 -47 -60 -48 -83 -87 4
 -17 -53 -57 -17 -70 -77 -73 2
 -48 -57 -54 -50 -66 -83 -78 3
 -67 -57 -60 -60 -75 -83 -87 1
 -46 -53 -50 -53 -64 -81 -86 3
 -63 -54 -49 -62 -43 -89 -91 4
 -49 -50 -51 -44 -60 -83 -79 3
 -45 -57 -55 -48 -67 -77 -84 2
 -53 -56 -54 -53 -62 -88 -85 3
 -53 -54 -56 -52 -63 -81 -85 3
 -63 -54 -49 -62 -43 -89 -91 4
 -47 -51 -54 -50 -64 -75 -82 3
 -64 -55 -60 -74 -66 -87 -87 1
 -63 -58 -66 -63 -68 -87 -83 1
 -49 -52 -48 -52 -62 -78 -75 3
 -58 -54 -58 -62 -75 -81 -81 1
 -46 -60 -54 -50 -62 -79 -74 3
 -38 -51 -54 -45 -67 -72 -76 2
 -50 -56 -47 -52 -58 -88 -76 3
 -61 -56 -61 -74 -69 -87 -89 1
 -53 -53 -50 -55 -59 -86 -81 3
 -60 -53 -59 -59 -53 -86 -86 4
 -65 -57 -56 -63 -48 -92 -85 4
 -34 -61 -61 -36 -60 -73 -76 2
 -38 -56 -52 -41 -76 -71 -66 2
 -50 -59 -55 -47 -72 -79 -80 3
 -58 -52 -49 -60 -47 -87 -92 4
 -50 -57 -57 -50 -70 -77 -80 2
 -38 -50 -49 -42 -69 -73 -77 2
 -40 -56 -57 -35 -84 -70 -66 2
 -46 -57 -52 -43 -69 -86 -85 3
 -61 -56 -63 -62 -73 -87 -91 1
 -51 -54 -53 -55 -66 -77 -85 3
 -36 -55 -65 -34 -66 -70 -74 2
 -65 -59 -65 -63 -68 -80 -83 1
 -36 -58 -54 -27 -67 -73 -78 2
 -47 -57 -49 -46 -63 -84 -86 3
 -49 -57 -51 -44 -57 -85 -79 3
 -48 -51 -54 -51 -58 -80 -77 3
 -50 -54 -51 -50 -66 -87 -85 3
 -52 -52 -52 -49 -62 -80 -80 3
 -58 -56 -56 -61 -52 -85 -85 4
 -61 -55 -54 -72 -45 -89 -92 4
 -57 -55 -58 -64 -65 -87 -79 1
 -41 -56 -54 -41 -76 -65 -68 2
 -40 -57 -47 -42 -64 -74 -71 2
 -49 -54 -55 -53 -66 -73 -80 2
 -50 -53 -52 -50 -61 -79 -83 3
 -43 -59 -51 -53 -61 -83 -85 3
 -52 -64 -54 -56 -70 -84 -78 3
 -59 -59 -49 -62 -47 -82 -81 4
 -50 -52 -52 -56 -67 -80 -89 3
 -62 -56 -57 -64 -65 -85 -83 1
 -62 -54 -48 -62 -48 -86 -86 4
 -38 -57 -60 -39 -68 -73 -74 2
 -61 -55 -59 -58 -66 -79 -78 1
 -53 -56 -50 -50 -67 -80 -81 3
 -60 -57 -60 -66 -76 -82 -80 1
 -49 -54 -52 -52 -63 -83 -85 3
 -38 -58 -60 -42 -66 -82 -79 2
 -65 -53 -60 -62 -69 -85 -83 1
 -65 -53 -53 -57 -64 -87 -80 1
 -66 -59 -47 -67 -51 -94 -88 4
 -68 -58 -65 -67 -83 -89 -86 1
 -55 -50 -46 -57 -48 -76 -87 4
 -59 -54 -59 -59 -67 -86 -80 1
 -45 -46 -58 -53 -59 -77 -82 3
 -60 -54 -56 -65 -43 -88 -87 4
 -59 -52 -55 -60 -55 -87 -88 4
 -46 -48 -53 -49 -59 -80 -78 3
 -40 -53 -55 -37 -71 -75 -74 2
 -62 -55 -59 -63 -72 -76 -87 1
 -43 -55 -50 -39 -61 -69 -73 2
 -64 -50 -55 -63 -66 -78 -82 1
 -64 -59 -46 -65 -48 -91 -91 4
 -60 -50 -49 -54 -71 -83 -82 3
 -50 -57 -54 -44 -67 -85 -85 3
 -40 -58 -60 -49 -72 -74 -80 2
 -60 -52 -46 -56 -48 -84 -86 4
 -66 -57 -55 -65 -51 -88 -88 4
 -59 -57 -63 -66 -65 -82 -78 1
 -40 -54 -53 -36 -61 -77 -74 2
 -64 -63 -56 -64 -47 -92 -83 4
 -38 -56 -48 -39 -63 -70 -73 2
 -40 -63 -67 -40 -75 -70 -70 2
 -51 -54 -54 -54 -62 -85 -78 3
 -40 -50 -52 -48 -68 -73 -71 2
 -42 -56 -50 -43 -68 -76 -77 2
 -17 -56 -54 -36 -66 -73 -77 2
 -58 -59 -44 -57 -54 -82 -89 4
 -14 -54 -57 -15 -69 -82 -71 2
 -51 -52 -51 -51 -65 -77 -89 3
